815
6999703
2132209
7837631
1631579
2862931
3986617
796867
7192580
8404427
3861983
3619507
39
1557447
8269181
8390927
443
875027
6679271
3579187
131
672097
196331
7310419
2725561
311303
3801883
961733
7601259
1549501
3
6024930
7237159
2716907
6009539
1129477
9128141
7091933
2757
4317000
5961533
9941006
679381
6257129
5623229
8919319
3
4424047
665573
4829314
4003579
9536687
8018929
553933
5654515
2843689
211373
6042278
5071
105379
8748889
2964301
664183
3725857
1221623
3721259
6167503
4629731
13980895
290161
569431
71
8935831
2246915
9619627
9280457
1970629
9350317
3075514
17155
4132721
3644309
7200331
9068810
7706837
8244611
379033
106743
6932659
4938317
9140623
323542
4301623
744941
21
3014203
5581973
47297029
4072483
100043
2164358
31553
3617479
1
241
4130023
1335869
1795789
11
564793
6131956
58035
7344367
2375389
1115711
7
25714875
361109
9327
1499
1184459
162257
9800677
510079
