944426361689550856720392822220764262152873241257890901224375413154565196487239378901
527843579618365948225463937318470841990569245058502137883708970261192030143387395073
518368600898278156057147595876170168994235027567713170217653589836476274766501799391
426732720740245702050666000529475768296387328860656007714434858900786941651294323861
626231152230027632821937333488509612675904921472120681517323272796196956166301564814
813336532547358336906903673797898692209566169469649400514688696589855578560876316872
988460097155727884184455251690632245079471739448828658438593179369181074862073700171
928385425735221026922446177677102139213630229260737584446007050229180654532521907010
616367738782056283264324250559925251408745972043457679323837612317100310555127812667
738197372224857568712215563415353896147516287564779672392369926964842252828944382702
447879582137040727072593325479997542094644463441409523593864786577931166206034816709
815651449539146237585995552194283052427092791387568686734240947515094411539486745408
853713020035018739158848028805827807885256259725777820048317738377780374281686557539
830937585011196506768918398285452996839860999304891799718732561411376201459038767566
901461465827387686442718231215676777392736646208073513215718146817154511192365778011
990186184042927246562585469438422775104779808005688246171617910329731769741406234988
471033934570180157609979839193535428315309864368453343142715046071528733980419004968
334267951991045289578892719990026726985704913893748850972285940241614722757392461162
244401069167771863044708824397588014367911986940733108235118153364911120666124023652
475185963814670704354260543325455988609807170653144919305028511179735947888031373154
396707424675092642838243651303995355739573246713284387970847177907137875056486812959
17356427975891161549788956534587519390412102624105906560572534008413267642771593388
268097409196750747821977857748493093752973221565871345259794005895090327977116264399
515884158776123201015313370358505275688903430717452049740372050673642356380521701065
901839588034588686364229952789384015977721334379701712544898417748253662423752151495
263492650131692461422117916327781637892545332001555260807081556934059791325528295461
547752602903707874778095474563788765088766960343814405967501255860441868054860995118
629869789410357531795439242881732105381595618054164109298341721555171570777923901403
419058989099301194065664641245114536776741814517088147763309244209376206020986540825
23389388543625648164996766891853648040111847714292717257144547528732628007334457844
719099952992581629264633609871941398635827898203692322980131515109542948750738142979
57284022635674382104387036754220149021325481704770063002808925596088514689164912250
43150062463770348917343460848150822504148585937017311191092184125932225952453288170
214520392844441249998140976030447047852821113897311252895128467305438416406475123310
895605032818513947418274189315477606129155777261616027778338182342715248513742153426
962589089724541401767366627549605776090703204118207411406665321922129638228195058377
335148539134423682141142563622886592559627950348826362483659924494596540175713403944
1168879115567214086592214119742943190824702676343255778754052561924311508245769553
964008709471005018362880817386528869301972951349540526500315746573469673691185252866
973005370752442476786518342012186783997309555771896108069517006354645116837360332257
156456420441922096861397067657496759666508144576051340604608258077069288094429798513
325170636264950339107549558792625124631684120865397736995277169716050631175056843950
757936435962737589811002906409150965956379819504250465236969216823017285774578655972
486976649116936613990241201070319996222358031284053011648423872330307621382058539748
635681597123366960432422273261465865514469196322836697106249030209457768378737453156
319525700314773318704468935646013900321813793091116870199458781520331434621919104285
38022741248936448318069892254885273208139834873453416530927809647083628268292487021
967828948637147498904952123416411165157222802536021176987406475641626577517175747185
788835603368864740150210510873782502654216472824350052093257957796101685072507981163
886650702379570970253778695342923523397482676956530146933558463889929228475131790053
170688193811326352534915193913056303529307897732689710286806793704001782854922787
459238991756492427332121423078537061483463527500151599268950199315360329779482203476
245541095616320146248854833675672967474812022675129048159078286152298428336842951909
465333515031673784035694020058480506702625685898442538896032662896983886104431570704
334023157004306089059405383358288080539912507156986652596941844622969052501919699566
476296539587679989153361516452634679929148278458646435061084768164716630011091748755
302940837444708952965997974554701257500358985771602528153727754848500619947782080420
409664621725608295691916997133550671704170386090106790627137564319469137252737615654
87829843008564564048278475908161932917607898718672583441141296455308037136995099310
131090223928619817045745826801210869454556643055387093209314562929674913479724724443
836408202759418197637434273061748142853438240749459710395226554745299645598758768230
551040064008407517250933049890983749522965213400286170870362288838570769080255701671
79099065768193964642386676976038470692095961426062051370675848508660169076554721083
199587080536830863029351208231590571232940423065224087319870869677678117548978080136
234315325993574841543034133414783101364695915890680227191293570548641361708978314560
363065391852372796620213394633657760461247265930346857777886575017005981904443883507
158337449857595458150358655087747901287764868716433354396749055747152579565698443614
284313090746936316501003268242262013401504789412863371524715878165464740102467037239
838620653812447145878746506624002796666960041878391988783878867485079554739406610809
455311167598272830589393930095785264089040198592868224348467137751543033880554924437
132106632225966002641585623710782821115479118444777158793906912625904437642606569388
954589114911198697017001630389783524084428254662299952999295088899612449813567040530
482142869549283007675796051713292108690855670928305413672098580246224292868930382242
287142693928577707574515270925005411704784733946509827617715882349244870387385613702
832191357915676020060870746271061635857546271753962797061312098524962035395186033769
972303808363485029807014310513846350364350601546747401351269054702032239583352237389
833664369327474175401627697050002877570608459252300567207425686087580546147727460995
415753184533149466057597165824658413589877389662277168616997710265986542337036614842
654406224487232305062619702367978705855649942504807100580328212879485916062037584366
910441506522043842504218240569879103230422535400326479173126927853595225052163064331
923050607635953424824261773676830833813768781762426404040791816405128827651922766836
203170347196226698749590941915285135427212335021687411336902198635917043646138706859
410769515078769437214536099188888475713827090448433701600987203428504299474175991709
428363176615867506090570680188372266654836454119550074534666900441336186692518367328
180352667732820681047075403300186028515303229240930113930325526546680470242042649236
25844254443445487508979445111775935877405096425507742683361551643189493092187313741
547882216674069607036321007123442757450208401160507445474561074809750295644094486116
740047119203748371706514760405708413503310981310479121878429448029753412256999046486
914950767961635412552261140849652632295676637960504366282000703139372257764158239331
938056032622658818898396425906715882826592201432467810779297780552127718769771291208
503115578902182804395914171218902360004575797430667224772657234871683375476906137147
955232372453996960288580549108587867558235691884065243371928583658457502329252771620
164610582685201261306080186727681632267340876272634507413612439910848265446395647865
682844898182433492051981909159512419173763455083447595918048969684818011388357547891
608128900678170060852264911025553112040509791474226089707678976524013781785118885385
394876457244927845061030966055639699184719015406028086349248972293645505067775879464
374739054687540965428362605681254916866096196244067970391659337468282502255482271972
592895783107183845884868456970717336093315747742530876462886849387372596465862078465
918874551788238065304945514551833319010773277924622431917104915964189341009958333279
709716554726715896278117394559474312918855446047397531168648864446670313460884968462
151258299583338068820220481484857406573824187521094786785065368594545679378186978627
340718366077396300817337842119669041737228031155576555812257054920588951836047538951
63531142664064725278564218892873501633890742461348587885053115012743373598061741055
421473166655071180708721849107359068063056852449141951698231572082188572648048907554
22142987340070334227301213622690617693944860520723649019181428854520801436213536664
595130043196288985724757536583467903115422319052201750374296383977903975536237572341
138332399792905328188602890258310286398445288315186971184296666441629910780727590348
112583446716012921127314976751380299735880684587855003391095440856556104998388831588
86929914541460805389594355646997228551374021929738724470198655221400803456706207128
172753933434545877375585897245885353887369513983132919167478116438674233921309060314
273148089190497184050932671625180704577680340977600674908775844593514333282686894543
273436225052261582185647528739757727363356627767602637975017221293343479641089388702
151300851242833752662102646701202580075481157595284680404787516115614722831910501933
630570705110850644201533497013623103638844521846507060946540905016109049094182789402
279286919840261951614388081732312740284311294757954046270569533423832196513902842732
837610961043623453754153265622550224312285169697448854938550668781663073563554914090
368376444267321233055194742616619539345484763763030727543613900613785884286864722577
219456053927925371242723906419551157176738288730613214221819879487782121514926535312
358877765313609331814411262859908770082642549178091587054772983133853549799534513732
946594772239970668628017130596804735378875676238201821441041173622907764482037386908
20831787779245337550867212494825739994629792003553751573605192215155762470641266579
411398004943486826822929304634308388782732142928432939349053740145346371024376808629
280559371694563174121284976741794100417490414605589736847148690610827217917275838152
3180123901034566505593924055786650547779302439037702163852130549235121978172764323
26111332137320042706034381237340292291257568902594625733389999351725435654768061397
890254614080588502902502768452103578922044855542281630247309928519521190600723611741
159311978337683865033080408258671395678118357539188764119855617995728264529156534982
230121149674261571788578045426548949400516993754241659310360387213541102703736666917
485509777231052047187256096504059747462551133345626903023013552124837210590724999281
824627731132990848144725067506406404128536203820746891481943430821857122081571813778
294533865352112856263828805250863726433313281449621567264397322270275106977656265605
441132593661205506121386765932900119747793436242789756416755277922957948467414268085
408448140603748453333822799304758924118140515515176943549840817857908178852895046977
126911542957228117088933797127133500453804159647695965324987112565984078131955177440
57085250748121226755316962443319302538982027803159969749303394273075338212170694912
680841745162079364971775037646638366452811230305414151416340351230684459868290303004
430749127899329115379433584177087081018953332704862369634644169209735888921353920856
954626795415836053130202749908343086958239526411213177640898774254311366071382559829
213560364866902669632803390801760706358905278992280703310558937996896638847378869322
691172628095955935054119970454955396386819946329884359360109827939931505194709552762
373167464563814827493639106488626372073547703044030341274509509550366948017631938755
782930314063861616867484617292360781081273002610272947784933388222594839824869755497
500507612978018090440434440187715803831321833567855679597062266695197205386418050590
784642495455312692744155268417975322709286585671479909865962791147926062222722764602
884998748940523124973426261919412754621674746412833887099956582833384081387691122584
44125850443997658330055230420826962670836004776855073502512428033969873428021039209
163333338075249992126732871347731398980357223873956407021621153658823954844610159621
172940647955200505203867129826426319067516047633637287441621339691345661749001659631
286367418259951420131638075403218595861703179605068942797578098149744067365519403055
262100366803186252199953605989487917371977792057541876766212414163504768925204421894
759500174984435772931144236239876597453234149503092997371850795477821967992871113629
587574362232591688413906615962993912696042361406904781714648923548485635053602739162
764486418693548478973854950698487439734467310873422538480024574495766727377445896845
402724838165335246538560680229213120520545865433930611303793831497005412379466643774
876300567122338698511290571345405513720361912077799425404883796080212727541482428509
52203317253028950665268339912058779779540560390703968167439047473605152276300025470
719960724612882958632346903143297038007169418573580704442489209207603298683777554203
764203189243111027467969227386892595121835326667275048261750209420659200959097395681
582172598150461909219419544491844521024997938777832851961592602344003964377510887245
787145956019063894847444808686901445068607835264812229714680013280643900756844936446
924172497625190864152175368348615011027035773938299955401310206612393409753954349087
446951254997703540466144184030958150609143155064218789089363720192320825948608933534
112253944132437396553514226874885063730596648864176901464423477630527827469748078800
438016994573312805462026087821678015764794878738623716375627492844827704203751434773
970613360692454618860543580735300133781096047143406178679441215820293187709854370349
708484337494824519630265480496722269281663996928180140938363177926246452031040163652
667187790840563979801745746204361194698834718703041271014140465062706624125908986239
408682320628179603080426379109673048838905168674019868975356228411573506973550460714
833602659308368505305434582860187813537626756673807662175755779384422981771399517174
215847513600757435561793066821670977601439873587515704901584089803521932107134259484
533206003458988997772642009626630369622977316486995533408529784128644279843186767574
692145655296804128142188289677115607530354580728839298975833770903566256534449368025
118596622678556795128883507287813046442040482214357142819481085597767887091950800683
785552385114397710769599901845994058979890989505128486208005145343544858091383254558
914123448465077397619464334170806260131545071346142772305709082699121513964425483221
936099176829940600750366893203243169778095981870351219095138458398714335341170377215
11303042698174227175866622493453691948936330835690551340495442839982700072405290277
613584451440761249204818689447689453216512697821475513641204862647903110635770242361
675192597980828931762776593657577416172139413173203750518046625982734496720575043842
131821496505308384675430903576023464388570176276113124961803557570665164013396334972
870729256640642902175718972145981348083852051976667339796556407242196730931210201686
539853599222233560849474268995868556165055451993776715316718263188098295078633704245
214721107068723932009964004207505429236580513209167295038208775007978445804716176222
153699912743263825450578130233330618306049479551333279415302692260928453176886182447
580350729192482293438028071485011194766629617983252924851366684427836929287492837093
958091769255514485918004719504246456723759229769097515870108933639750211247813176901
128551844045828771763014985017726708174245847502544710443310305596118670656479107066
544471669691154450932973183300075197345541942848296914874296951994201496217793002960
813345853471201223390387670820802521602789731792780503954627877546021527731018248005
693597918576093352891712701762375357048430911138795731439313715066768460365479747711
962913996800168760682928784293962718554450506150161201485224340459271758485428374702
380063410395547561439471929844657559046976807854945064586807815491776133067715460026
855196026722135667346564384364429044895350230852708472301829195415323756937601667758
805023291064066319506107547887107761364743117207701334045498680726605222996566171656
293795751812147557201414608399108834472793532075170888074356112306351571437028034878
610565777981684788032996288364439787186907283230193684002345149106162141925644765935
182920779499232713047862629153830406247447996394489782492425257438458346497851180957
88259962164990930266855225659914066817448344126268177493896578394371960824376711530
84024471293871829272255170513136120221605272679424322839846233953855604071994884665
502492719550460118978691448892355524535920174924333181047647088496562583007064825310
261817790493882170044571690601071972426201517287982866057515329094141851387462806801
878073556810011447700589036331427483789440303169860202595503599781456434468329698091
864915169178668781736031263812442881687710592032785625180881217813188791615894604499
617435582556819820183941728264965011791001061444017405982529751112366366918781985524
236625860026035206440975264913433718891528008444296611949325238456202071744211518149
737626302739642380969035971398441035014062018560751386932483226924731708411672721793
127299586458128157507992704665580750589875574226376927010084454779486516065774031169
781707117274135360367997118557720200195266036333713290020779406818118129058991227911
62304406699223390434683845060829074850317408750009390787675819007215114898846655336
910258767265755580529161039374837870283053163112143243034668466963079686539465581743
875031603892106441692032653445624919396411700280080377702396952675043725122929338981
995002174155187632558914961230932293993247154281992909022290173634048135050263124819
919984965412323413311874709172091277202730011217206814110951686580480964210433805548
904559448378036077441527954697032390741377492053965057913226070412615281239771700847
320672407192824190912969401468363408926402659992948314149669751070141040646110833680
797233421529859222960117752827095320545823271953773031121312908405490908768152094635
440085946205696720778650660730592036973216808514443645581434069238254951442298917667
344688539379725718208927859066187039419585290105813906038947091945532720565740269889
971161337802338890112467460443500409343982592350705963425555255341410175989401075492
469418859103226405130494938054976544735443448934656742099624015287638796574899362552
559622368181690802415239095955159117773689954790548624029240282499674689953169377213
308535094133615956188764535732298305159521506820571109303187755369957066687436259963
684664782975487389144766937696784176872486881999005284476825775901004091012493575231
888607950307370437402030903276275643051226044526894191554533982317790117199900168817
549410874017058754790968602059761251998223281971371926770706540673867231178447345717
798488966909088502804288923522471126495572031735216270762676765005063964172015300901
74005491414755709244797421133046308082908068712007665252598743871343552638583194827
694923303382719448102905399490153335189864929610666558716896976761663289231531047612
322784544345258155564931078187060908689289492003860235990857830445829864478849412259
592012878689297759144058868622089135658724434961976202817219792994096898511151818564
838330965253764780270527071859921379215099350917892753430126640537822609087149512641
158751864884765656909446320494445365134492310911066645374567027146254628715160120608
857957430565808591715131295130521312076448968397331202372253601716016135835617200164
827887843289855085011401322594812875938985938447665362021330863150568333741736260507
311947085636006547201709026515454372281628653386392584516798912266665116027442492110
629512978249205202577934805770781564903356596665918507777656879698956056187476772320
511822459753437458403016012656284340461956707211501227437370656511128172878133695434
705021329710703497004889356900631216405693093924784157240931321248325149791011476532
825373359096916707949697603987006292557575375524117301682060532116269368646829598162
15007292961672839755820764904381447862443062607691858703604729592344209083239556264
530794026708606387495325226146867420063206236901504085742511896464837516494666447491
794027141282812493431333516783688344619205163790416975475429085947022105521992716839
575371991909448975801630884622229452486035060010868487886369144128029105504408065618
271601527473696037845625557006265983468732714091863822760007311525538508445062527781
461798654623463940266231752967184526609758610392029624977124725661612072630484264436
584785026444025373266637743819231602863001792749240220464662602835155922781636077322
862246588867490889721924838021903365012565444682065147067441787150925310415601047981
567326406752428701446059613120601375696356373160957012502597039766415470469667495825
602431406215885252070667941834456047485350049939176976504562148631595021221185100250
840020999630738547028670463769595150433680222234477789125506729414916171359357493452
842010113002123894190764375550848630992808809657371336771570474172240202301250494493
880410896024951106803568325931912712999254072538988582522579331234678346735731838336
257764529234439914920088375639799577680176053872379716377353393486314106054735132295
162503318385870706997928364385500201521701616079634670094814345150115541180537625413
65123726910901892413083960538071909120745784882766498409155154752408047137998464293
721733280225787465468099827974586164695961037877636229833873798951835497796638488139
723774679683468172262633349129674129517762185156177758838113981536107743423493250708
874526148414978011013967345932264551355598602005425077022441280746022813095986951337
524493228110745097506494083333119622458835213760636428230782074302927569712502387767
953141588244420668367289788419247047027136095358499823053166975266406842072011597612
808100757770133802017174011309489284404252635822057848807351720200453578431965234349
738831615416890701859319108116993710639261047521115823543792758792448534445417928184
1271202291068647958074036145398380697782037746097178164091763068227919721216608301
843983069973673175446307262105938875921519042208086400316787570646401972002408937870
487090420884345224216883602479666780356304530143279465747564507152636498203918975303
341388707941410393716379052514793065603535527248905718054869979971409759544455206335
717441096747423525874452492627695696499254564920284253773253765961782168498149757163
375143383814332927820506828563848688803907697554886406644922658167377746835734107809
655766104230233365017952330497166890502477615684232593274886500082365418904141382333
996923449791735294211559109666225588259301602053305642810324973503285362808004008670
944688881582396864928403147726662219944786716839871051976522345306333048808955946321
341213288843590265667475187686471510277801024274606037415196618154223976294949829647
986055265127150179353723570026468903331653393934058919818947200739527750534591840754
230844807946738667817741705115585082833731962528887251085364513912095542780761069195
888468104734909286131487754027940375471786278573576077455336813093071987059285343149
546265675303904949402718178738131948438325508426831159366974115031159228573418942895
474591305179619904596059841502134805841762471193333699884754001896821675841771786656
862877582542135362183474314685999774787853970431279915068301358851333948299665130410
460142437554227219339120789610349297171273418311910314387333443897283244652672652293
670331193439340113280853740411070635901490349134439014793366342401844179256685660970
254301850604926046797242958355847703523421596627954473954874468030735841825927599350
154421824796112386605776551993943800178488124460579074024394907939673950232098540810
438931275789677418957621958533677527950634403836299240145375119814708955266756547168
713259763594010519833957673119464452223782204242894358316575342942949419115837353702
587007698624913711316381581228080575051372363209011191162339910253445037569750349067
128736430341598137508297378174549276487743691574066221734824832626430469677140020968
728532047945059952975860659370620583276938877619187815004887363589840168406559853702
326447697487791097446507867177505729325440642638727795369201671427231343835421031090
890572299324270280464757057904321869862208650572830835359396513191668293075401546187
10058087948523045573808600405547094833019673322532558231293875449752075885089326996
771747199088184434708601443679262330739700636279212089492567002374770699145180336663
478999459173752771907881400491926411833399209859569044122618424002413859287798888300
481148937460282853017817774855715340151638738479346671219135596055123916240519774275
836108082949868590006909161114589357574689425166885165242590050914509368406642923644
495232898960867321036610171216165694040863705650286748670520169434051313872723695805
306216161481333828579384588721349663542126217351917684865829617019986769513739734101
341380883993927800439092010691715491397204186887052206330047257464038535359376979945
224563259060336297002403601442897079426570310191259856992511689752068662937640506588
609789974639342109035665096976337972030843801676803013186744628313535394636622213305
337766597066891430790958031154313434148958201534358457332116485891538984677017676106
964452773369892938120577191480964951289455864289727276659681324636150417950397739089
972600699022721369838821832210462389249382548161092304540896695241906371270600028559
201450151502400692290439097587888839172834555759529591872884287958043183891859587413
856951863130159271576917197121484587878136911763181416766403690732490277390675789785
1100663007955119255259039166343854043251796795303372162845522953185047458444756350
729966740011254926543622372887155305740767558283945924850080689808770665671525168430
61341793210199257464332531267082408090073404952248250178093933457172875828560441032
54076856470898624041587491142039992267414671174281390532040067993970819987759283888
692919991625562602472894665738152190188384683710849047464814909617453599870897366199
34392523626152886363103370557851955385736067085003211230603031591585628298121460711
228736851251571612837213145616730844761470893979065234540894368095955076017687411601
925930966680946524422140407053114563888519575666722194928270547719267151446989887625
76991426114270544515322984895046080055694708715311238852141699997323209938142687556
632528983870065966180665859728875576114976813996650413747784047743039061183304244450
798228510276925497355761260605676793606942488646705796225524385268611235585954416537
454171661156796846071891009926837717147889606163786841785433991292988938406300961585
850947653639137435605034612104642449253127202767072642441477590566545952302818399491
755203397612719524084538241699909999974863190486671861725192786347315795168383660995
490445086893602260358352541277620151790168290578475187168721980030800986160004660107
465290319171039734645017601349950175873058707303951509869532360373079087266411089322
700602401943782283541239896582029281961701431857083367958208545475304485288737697475
70290737332140117976737008628990522364237713036253891180022489917551500894371850583
748887591129767091650971075754793268097055729791545591184002071415569302705552166905
865485487484791105854994985402490214953751795550395981001352606586485150792393292968
175418129654111263495412592777587556659070503624693042819415771398868102231078369106
932258733841815962821367235918018709647906836709481489917582172916335410828135417166
518648695616419322315573817345901466626249417614061682210362955034753400470817120193
7209713860905845893811923553728160479039227491730417979377796841957320436462859812
736617613690728081263379001385774148424474022064674433118085785281477185936616961327
665238234773055573241267131362367721055512052821547503625642128691636254523198052827
164389475558650432862225401129204150402858243016038289137313148406818353891275089038
557235677919029058353924539470362737002652390723046275308513365197873501882025094827
673096232187945999687107074671839786324213573579558973757815387016243843756823013356
397416804273686745984881044954490636015626417915630823137833399902577905760759247248
931218450305437523165982609457413382991480698832265244302063902951357113928156928014
381239358255764437415494959732899586883089697817590785747980734466802263211454284558
288765759075159446119226746055184341918395710864142904397549148631212364789155962601
756622757216669503019485065815203144115176888559108250374865773831845489798531522982
923908930765497793663159291773665676413489214952517626640489619087114636851524742870
286258579605145434461049170082147884143948508398939540257015577247601568783483509591
956931755941379772249505968520733128384786445760410126387276840148699198328525057580
723124083380323898729661374751390649476545681121434695868563581999301493342931568963
596704689841444336511344888319616599353918554261101079913704193600070965520374982227
743674046476243345083067890750204629575791957388958550533049626175044395061526695043
325140318906098732091541803932710167517322261167241462467619330423018615121673994029
749011267194056849404835621229203557390416584911386752054921668250271750448611691643
472527605724239213907360413721828201030873847528870840220019571725723848707450907532
785423670998790726393176165077050998950916476266733359909003995048320381472180392215
801259920512948518947572300650056800383093476701668958011235269572508863276656061836
242536515379927855577857541885228055662305346042093715037035793830856236215258053465
735674526297989997103706482409823686426019890439479421247777557932462056196115277541
275287483408522962807070659915108645111859620311512538698530530658890508268003607218
303534651250070181781096327951991587427857294562170796384912344633487880420107864494
873498685230693870042110104398346866489399977322775594968793762801952162114468379339
131265505040407778168609898981185621668013765477701712062308084668874441602671152190
326617512351117140043213963516734510075657051324199464231891708806577170082343519001
716004982156403408262575125896613309690939825219369833891904505379325768219294492104
300445586027575772079600816375425799158011336884167523865231619392048628554777823080
918684744213580627666273065918967293358026710476380544008317399783137843884620545825
522064354080699630778441021858165189598787950063431074109296509444591959061562822196
793773860726964768541089745813836787984161203600113898348106044067435609890973309571
136098263205754548287958263706137650090527021165055570198583267337883997936288088172
672642222194649167030171405308721311469833087205259522992786350744732427861032737073
755862587274144110112139416248031676714842309987445629627898916916896650518379451791
606771630427219795587566594956162657252666490206835817209162608069132575003843854997
4340169467223756045245120335298990347735847167174913169537193982833360131618506415
653080777238735422935344385575352511283807514368589105365344408057329085011847568747
49931983474546420615421829128013500260361817146070801971216448672400046035032006608
539151017185822363644641080423977426732637825978335846964148406643425597395066566747
828627679149790128246220965892374375977885146757764981016689736980306080373356552646
482038261022159232530268771734414802400460049706753813965572470053478544227830517277
501764013419638808211318491401505690695860651543702074390604898332163621527975348808
804222151980994971040206379266321878424530485716052855709463105357081800666472874472
48035817059524244082824817037737582913870718484091355651154774478689623083325813903
929716769741140971511234742890606702366191260717551396148178362181428787128875913936
785775564563520806724621914948791288180865053530740811017594987245102703629206841284
103100588820026242532142877256159650589134268138117217857010216882308605731529187484
67412702113185145100420722538173114563398073247960473233821092303125349783057314070
909070610707348912056870671582490600555350909938100832900335170542853952563193046405
461977251944250406921732247059222678769113319669250133495651169397229891123043316854
709270180528137332786727859502135425146680477437905479590536416931787688761688830932
260701124982723743220602904377482535605408970108732475105114375739526782591827899971
420211424321080360427057040985394738270824799568080077222179266249454398058422522863
889648806216673338441132036687906783872904929958754997377717342499962982746197182934
87572986975156556659471553283349039358731478628182552143528519620108450383084894162
842637419706748490569942909430616572849413547577138471130765890210665351424834064969
179660388369740346026673214127197734085071836774306287535688687519231803513196527528
993644154813789355348186250763277070052946198406971837684011278281021451560645651886
783880348127257780250567352648508027540342025065758408124023722313254364346210116484
453002373440205699262520966656671376859363596115726870376809746785329539654681181702
992169343913743314730112631396553667468655282158459705885484040587158986239331547718
193330678469284678333995714540788990739813766547042862178071182701643065794114879882
313954697953057120822450290322823821145240579899425798683769246933876542866562382301
529692485599050116007093004897325098397855182599536046077513000633616682118843486781
70912637632656705184225999473214232133079154740517383412217279877171808040357459798
375789019638980430218190975854885925713217646988423696149452677118924231262052135129
493602140294926911590889348467408107094535337859151924503450729495189218325134823276
437512236496685736514971305957355080445752784153633689935984123282168974743844739897
311110598674648976009572343416952563119439925887472898552863606244773808986391336817
119150002128573938195503130093333488043856257068501758311828504903342915347684854183
874168048941588416136132254724036030978727560948564201221939945418476838000881643438
213275061263209983787798465386223059680404949873667170753711970816761606737931504126
751290942911033746056727034035764041017463411907576993946364417261376755627408544270
561422262031862378852079257472945405116039116513481804836413609335039424549676004217
787472644523966137853173336718886344121562303089124326167787504470970126392027585031
258246969361808628727634542908048481452013389124812196531305129015998192921910732069
254925656628532262127730816886690077334126790046792141396843380820076700353103987155
239350521203838770516924883578439905048383509407736389012813614634031013998759414907
764402173376903197374493945087413194414993855274629952731569024756221533683277442883
733764737154700829636296354002374776708018502548592042969592892953501405022284384488
708133770927921905169793194582244741558485576348927329188407435009779688200883207912
666298171406643120669175791695989921223675885550049944821302080998642008941256151018
997890801631112164631225118819271032193851179452579097101648925282787933571582913527
362726241628978767887131839270559438153863331707154030540247810233726910087901315172
348614810846490036605130551818354719693283359169240266049964940116599039960350798048
983427399180321560569825305898727499495084332580121515585783184818040267305954103802
90015424674202120767872517981764120442234877414235717015702172486487694805313709725
729726040539964181534305802690889491869573132217741171139075832483459105748027273296
618274300349884250081168168171784159168388487993147659340295061457834668807934963303
449442868263893717596781190510357886955288144786662277092798421428410160285578057049
44593677307639336600755408418576608451633351271891862743084889185261851022453170507
938888891328942193165613537245532402438057201194555303999275549098305884713454385570
973553668685824831595371183541649301311911577035495174414157684084631807527772221200
515160607549116358482559185383063282986171995560564846301623762170880206671751487328
685930897928682385572448214325069031479218226305103881224251361133049120989456497822
87057091960903000274439145041102992290350240104379546285290489816740137803755203542
755495438899359104164069414875020614072202591116711971983382840117752593401198722756
854124681843403872981353352423587055892564490051149395752181416519102681332770457572
82852624422792215101187658097187615660135002441130175063468280882360203125167074573
785165158314549737960365969272891417528604527016185748304372349359001574379110131297
522696882527039014137826385155755585164015057914274577392755837642131101461111046930
751012177670457517971485473814919429136374859784199750571169079810709125360153587459
317390102425573976714555065294921555342116591111458186834488675632174420463299864224
673981132670855276284869650771159043886787183703003067840683258015671600053532358711
344893365371541062221410811958256750796755583514161158373592155339887905301119968516
976934084620597248443228579690426476503649053370082341993227721258606882127131187234
311514557682397124570523160283215831948306433237507123388764535759890522949163186561
681094551227530968696895249272386155567080065851485183838167767650202321618128302576
426433910207812220155696475534575508171697536377720939790510812922861152220877949514
700968944852742641878908493916085586106700609334243816769266644959448377257298370324
615771105754912711169795002106678031154606528556266374643451099923546849399799066207
464720686139145310640221755321745470826417132370304942077085229045321616109825152521
942146432414754466893732860313915931149064462059557286002595865494891937549088070228
73608012859533436660632069208317418221070200176708848593371038792228201971066911966
759204792809288628417400368708745105512782962814470529613393265811119596037688772179
248806954274335791241931602188073665309301052951811712181515953752748479119601938842
697490849579128703242075924501278948532985113942733563016074843950425157972958247518
246711014734953622044573466073953837903097851465886620842269186403308885113337945445
400888736467006172947377187783349018851908732124945461256706479488813097633095960903
811699663829776042712800882123800360485426940387107136529100698311236922326312254298
71212352225257631696814390548097255491589766888182413831195435513579216156891455109
960224432276194338183707742657796473087369966747169933564360391065570767150469958267
749014139448097735071532183614001556571007994356239212060674990692631768639566416706
324082897004222291052039552933490217306412559894562286233059667197092643276589777764
842132582577159815122149960286113371635084670557528092897421657800433237960657229567
945652983583060525437409551036543187504244364057758895076755189869168185339054221907
646030525871293701043865071325744538877521625185063751566542446123175772481405234588
703891755539269245992964846931761796869954336233534662217778450146952027396466115355
739090191086549041050243312703941104500145722420416218748515682735958542247536277456
617149500677407234056989741733892906840087720867458946050949044456898430951795955952
285133239828464770280305476722760382917065801917916934737294648445081829177543135313
594182499119552902181705403820561818157306682892397291748677403003653532422720777280
600312216133159127060731027924910587661008437984580791340470388021508458512749894825
844946672324605110336626085651497019366765456380151337964311933610223474385208041640
167390465880604114397100919990224140869722041183360276283851685501738238599972715370
509412562663470438519684605366595657493299156279677782341640268035644438289209482376
967950459416022633849072179518972778368634709259331257079918373582114937710049286050
550000006710215508364369980711737499826580865807169970151744000283327574639783118492
97920641583202694060155719333835174377219322809368917017147084090604697275076852204
693233715473040846307512348284839101665137512165393374061956743706726565032448229800
907308196536061722357172275319565755120304506507406667730084909030340688443154875330
376106192192629373018960720806466209883578415529360028433424354539943025087783049499
507892571051643241206386001453229661039470256980580583952033538370126824061901775941
105002903952846803230953152686981767707047159597543150157957962126679145892737711436
965806678168923520929987462142075547662471548693501151206420074393086660890228416631
520503182060528506250308123112447936104614189828654142373144695169207980607004047360
213455571599167321598659526127787474273509720517805967268523361408826621755226060910
482708575016680073341486862846008810780910233187667678698023603655234017200224456061
924852148010679188367279081245490189636414161644715129772475666206600420894703478401
238713918495015636424634219305368844940765211469124968621763394479637674981370330664
925727311587136972222296041893998748782749256085986348400807603354627171154599878463
840237155121767145309979981762885625629529968505030493401207135273387851866312776481
449386807707901129893339595385395388144287895344808517623064253292858692994642155028
6189209546817570803128998682915705363942700601415783436285123452411310516261312224
450747858633953279996175320065743197702154400867157212819789069331597124994903258411
47793128239376218719055044510236622287248199245741523449933796204081151863598685395
510844871192484824640662853494772614909381481825748439834936232614164953222364173536
870505000743010251521493927842167992885756837469394822447233360419713683809393499875
208276630311507798885581499664832934602780901299458876568273647931832321855075110637
391850862525312812069443705688740004223303118899235367102111189142668974149138007945
748779645937306935691712099309257045331550729538827076903203705834830741539345353349
998459950529871149810898673433961696764054834985184013227780245709973535103956381122
209681593990211650487672940125377509902890990315890958997137161797716601168490573908
746496136429032180445068617220479448230481829697361330279631327653525570293731389860
793335688517449857654821623406551038128874726572809004130619523105084190033231715484
815596038844886103882630997704373815098022370364408587784879693343085073644718852577
473678350149563802116172452637015350477013310287533950763075106473766621550284231995
445103212827994610218885629301878867946248605383918724135350425326843950615440029509
919356467320044913132381923200943723835559631212950702705365295828997780053186571702
180258996739428382271789491596527120010747019907929877741883008200707652994809421072
517172652483197497860655596198079302277023092079490354643312179417779037293018180085
914182601873602643270683538595029806288367903552096197480134469339409644609780612664
133018271514396776642135045419912587856970217460929929294983140111601990329548386409
843829669299629323162517249340261205975349504915166590371850003284481345670242538288
521366426400212352160474401185811142380334386861021906481275074801195928859160539809
727621677793921570774642387441595216592244436846481717085206533331838458331969699317
296711533631954517524734723209552346501446867635751217605331521699231495498121467290
126610047357891420144798428919582323083179080497668388892896963675886014827563081434
129004273410001389790880729894763613325501642802882531610763241592667914964903105967
909743615593915431486664898429781448218118525542827749778118869687430463594441242401
721464993207967663450589535404427387258799832947118742975691890728586152332219103678
911996400400896829050988216844795440059472552200897884740483811356287385902652184479
447195810835104432923693382568456670991827854323611693763672128992273337549112286781
315371093211495008135187766296983666072982431565844315206251352925462719976498115272
300119222209871263066384832207926835295965984614028768503453904941636866502931033492
998900750612740802684150877051941122049570960632935204505211294256332109752858466516
385229423674362816669204528469612782986055047090235634617938037583755776602143569032
613635377079555148528838078822934124506319576736996626785168216205889745625776097638
944447219492683054831269541979633941529870297434472699978782025223862716062221407605
36687971986625143382818780964494321257952481857675751524079221213733814296391136041
577604956097201717807698705525839880164861023424955374343476818026631035007391208045
786572782469287849246078393672196160068768689227392797771090259293086016585147277305
980169171810448730604014785542891188895133523724951833338812876971454268925795725090
578047035054524689264116190566948350844926155383028795827509615521708988939914551144
728935537716022051062419979217487217429955382743966512323128320885412667878729702760
882224297679608160497860539174267777222734555314698409335792333304966508654660687814
534814859333993880588147837318628948643901579032349776451494235574255900025108776865
576810973030340158375988038959059989466687747170215212570700649396507066033919415088
495531800386807272541152567580970152868453628824722665298773456776658162220186463149
79009179652579654172026856738275933135611961806204325638947817631433980965111835994
732194662261042679045932612047619591666607021584955383632524063179981725432091997420
923640303376435250630867863584984182111224676248202911287734023786987414923338522200
539519519784053195184863557021689219891617893772597135750847033825723767069272818586
876493404766272002808695053333822802920569822883734084752200517270015625512543021145
790912658098765151741404357053753741986454982971139154046703638115721546907681470431
911186710952023019053427852420458589858078355077162233315197407169213788393216809691
626448120919086529619866214833722999705687091165012828981630844622211240855996918127
936295488599161847374851511282214921506264489739009993826025393844907862321250791988
873805078830125736894386587621831055012864999974495042735073692495404745871301771946
870820208264024700994526158479893090731386170558462455998473430552066573690745120104
213948422212630805532636282076052025454838035308951389018378761200731597086857693493
360740376054714289840291579561021695964659303690776997711879819390422337762716512734
22452262371694542121655928872949012883750410475884324094957684924905407856493447856
394013225566435316188892594174698180563666837418553158532517553779739589800005467941
687328311303732821087501669612638003183686625781268560682268693355509496560087738136
638605672507843957029287610497927068793920949852003450321057233791389471252681458543
878910838049876207633488460173004335253409783406435782524520691975189062392907869193
532317936869756302580455679769138848374819795416805108851282595063525741091384391703
838924629653458783855470402586902970898073923023429987704109378348623350739870096185
922727080475742472868861159948066972764099673264238343485471058432345707149558645340
623203504966619225424965211570196621605425738924486233916676516317708521742981249360
695370206883668366134004168398609221892880059832546058099823643532222699314378122852
336520972666348913592832195489915147307814085864105994781027217337308492357911353058
704840417583126806532914016679922798446219361059820244304238830946896103072403606558
697965384903952677910758700334770432308397980988849915270269119194340416032517759785
942161865293942403383674013680848424112292236883521373223593772900576600804749517501
95272788877505746279638057014259266159283268469986246840587841619539683125162325768
784713915769439501231615296155985620655674908178532026082269588140951611129953784681
594892945045758345821878110690660415623072358148409994705812837053375544917794484489
739055189052610825785815832821176578886569490793884856897431667815202075339534193388
288022786062544176370116703706850977506949294418183117352979446647863194802433843824
98313941496614620314198945986186812472927295217664080526364704141232786739664745710
419000239720114884194121438690423387530858084335674124319748810975944179456708222171
709299448432933645158024841738373255690103715327926077578048346668187793040888538357
867546697281739173822569133527929356504780955937785368489767744646252206435001259097
215807743094061045946680739155318680787968573570543935765337789444948161415089617526
205280156739177665316065488535081548111107514979072648673632611588862484792291291974
276371079413383923173765539336691693719451859297319460492120697184332764734868160245
27327652398124211768550488045045597082347142922957863798029514807229218171532091379
910979607317878835877419553061599042462319994839431722828874423613611361128965501401
648586306291156127407446932728420498905723087339804101150617568227141787275585332008
939202935134828946880984692009553734477426984762952448187911597078814162106785257557
225743343133137303816361987288463462342451632444917768982023263035431235423078307165
886050131871960229412108622781824584039455895670603619571642283670148634172344132337
339210265971648204150173523287584585442512213175502301601395487635820090825216134496
813877131405915434076370281622831334933285628665100810603961859156836004692530861431
4214894318246685529623771864238030569843418821748003790318359769016250261153217690
513134365119080519620909407294835053429752163064034395793770990313659395455921739753
300582481997101914026635925385947449861206670266094420030045430543067913022305878216
358208012457564349146464995191430296492225167406974892790649751987401221527582306565
310332118991662002665787656095217462217530794298857255182955087394883084138850902554
800106985202729705441302821347782152149985643633694334650103176384713248754518610400
211772031284503670781410345280373975269532709169714867497594144490277064323391400398
267718417048974507471370447994756245937028613658863788686445539170667966370566700188
748699862834168798760089788890830855026927609018958852577491566455597735957360580428
26099066752602567635276318368808330379075593186065453261097020931303429589456299156
925032515733163670464555083296945859837603887431107865644244209857867006628588845936
942235350081201496614714552418844464596391355285539993531320028206126864672946955067
275359294554402256747902705356759036008681118481445899672533205726991917175793620611
688880778188094271580984916098664365687885910330043401381905392001163728840424195569
478284926314375874930721869899126350189441006229280965694223341891094980082673255224
592570504702045696119811017668350174430437671797076265348876932558751861293118098320
401240984944454493851050601560066361376558127858005888639670414128590094594271796852
307115873473464762242877864517356012696011317178137798123720532917236289778813903318
264061905931823106919047303145302241600381454711906638996707552814078530572816568642
436305184471666699173218939769117644388328130631706397310583432439919017945627898532
442161482421924604635933178319999646549477022927138660776643000958113870950157995163
191075390650690799305897794514753494578344301040843945484705003576307812529691231525
469979123183940714517244408742292468305256981126723760444643244168143681258179754874
782294125021793681579203654350536717679729271990572898099796556976094940666609508005
138803391717752576956695874956603229718226506105765835946994735101587728287400089839
537543035767596248932595750900818302127811349565766792822032533018136039913552255672
532704757795887532945245582334937103031099302515654104672952623359163778623867385667
619055538113786932423737715883227918115623099894988217699229451560648452161799224404
545256605976458173403795846111759019902216893684055469154402369518958388976665434122
948857784424215680435029892019872413236930767250542045362460991921894961143855097188
479206594301311380163598679554979188445207063494747070192373111656790705825598079338
55650066791277416300129300203079838720701465682720730115829039603915140988302103586
916587261569987443559895370902924701079953431317010027289649254394450918306358245841
589885416824686112917404047618649319039307829014700066916906328566672366013725328932
792992947068511768387439846807990076572499415317146074557054945559314742510994568566
682922412836589598439321644194568625259780595820850151806298652082285677073856252156
35233868348537910785268018735506043189087107518519696859228310644569851696549790643
138079101897226283172442342269229252118936460932918245251553115345169209279113576209
918073855518786062739456243605432621946981164520155776712856267138698752597683405278
806089999209074564078765956930511760307701241747646570630014923370927318785909031840
533570756960284311411084651492932235098554967402646307590977727283443702218920343073
131327165401408547740472830727005701694442326612908067946417771159020614245931405853
115283071073096418377971332361502337097443350227256477318641310561455989454063388021
203671597760703544133535063646755125126527298655875304447465757878122972458305814921
726060583031636258739728247868516237530707944559740738001437805322727771627647801798
991482999007817560472151467404113248683999400429342737226992424100488030333301105348
358167363961670822476810085971872583761043350016728872112884453477858641473149897049
77673177614685432133712400696071302769117570780280673128627650963643850481122436917
991062319384252705616188124360836229996566705216108238424413673138265182784379080052
654748873384703611521233115202570438408305373642109321172838477929490679539967279995
164011957194475393860810127191286929730325794928830783467621196262145092613230513135
404397360382569813435379041638840098359592676575262209715076909264356089595322731182
676705030122476638478385167662068345854763306916471833608847737122337652079846984854
212700879907498346394373937351871744271797887685779692506595392878747121793184605358
112018053258689725659391339231746806933408911411565811215530811636907638733271379659
943929926267536770562534527772672258808450115225999017604293183692907634015799703341
286237102252979502419721865239116984164532037241429586045117354226193606993176293258
293909872979174978563487433283969022365290779593061960321416834628132159125828550305
347193485874228497073251663583413745543527722268869882731885562485376695531994755030
320349896960140374480628436221707554690218103279268648119648188700593270595106520245
555062927048735765345976993808232010133022487569688377872058317079667989679605346187
274266408889038520053088562398470518762803490754021800582894734193462790554297485142
566465486919313102560219330244589456104224663942101540804261917378377542620348986395
797441020263997407510725939863542157005340452609959114542212777935856101771178009472
215545433336627689162787200724006294187956537535412998651714769752862731890146006863
579989087884704743844816531953968671998198417362984831177224142192673190040634653072
968657176793589240368583928517659897881107480497111463935683772679115918201377422524
121340185656356186953502270896135404171564617892232258098430411867780808480532501727
893820639212039608198552249519683788639913467262231492940294337229090321564662309556
208262218277660029366548914322090438092088788242692209495782612412905134318760560563
372001903615781251448262580514396816470899235622332277917696429445965995876627095793
587343938232804571764300949636439542590618571712236580613393816972825618275618380482
439453808198978403475201635301009905284674343949896071852576486578546012875949663563
691023237625909139668688997295146698342214014128919974518418583660834057670813602578
208335923469898361288796918344968848545434508767398242385310460696322902797992267499
177859294233113883304011371201632404660948135728722496550537197197855864875035280671
389970208489669966428716403928015695726492663478180766371025137536212252068529143214
977158354984790177762104421757086063348236536089414128689571557669871336815040652582
850404787999445161280351455469795058507724914209203253751467426269173607164609633564
139632985657638371808754539970737381656949904908111512042541529145806113815596772762
958413370062832604363134627228629210830877427186751588144383386984022146977231963638
466115229271447664465160202354198329262519307212911332804282628642780246351626899175
678663636967192504048098268555874403880571204276759976002308090901573894391173084775
773341919448393768288914806158957413919491396040649192177299020005601052120094456242
723571968795902407360457144443674048985053402531031688940987966201889163841669398614
828234634999039274352813853188023511460625824324007021244319651643635279104517894739
396932084621718546277745478686199854045523251485486012200826399548835004043922320205
412495816698541178843583712263399198364132413835817106100638311081444799364182536605
308463229178179531889940650568661668674860299032009218484868373311424350425876440534
912965813871599967724736820988014886431103935173473846570805832135999134849385503388
28823407133057062627280753298759434395338174323526909564766255574146412640869848933
759834493242360176704689281663415625485729993031032883594668140989563721877417074790
284827228792305910359005620547774326616899274732777319350869748711260945086112960706
488202262066909779584619997990413261528064204830351857484525647012139665036399315106
256257976580848245259084439191361665762817811545347533058908188296081257398373158646
601956618120889820946157725683970120156264291415329778469342766847414839885264469793
807518095037040015871498510270674712963423701283053085417113431999846775694424151928
637610582536389514794731706710607988002003526068561067714634766352269647512782240829
364978896247430658477050324045746394823760473359103723306890482094377541656975010948
82976382388083229077699739060085770036444036901426543729241819653891042880760758839
206592406783695694246452738287375465208780660812465976874748370558289657804010303337
834091296500871605723827267440025553163270746469530965853700892542564989137632945996
275556660363636607356975353974409788148318709956008432134762682393557421247619475982
372921039728325888992714301130977995097883965173367845261549191247743301776026638475
208231626075472112317848597546216038130906004857673457990669193932864665296224911187
529688213787276789871732011009759792184134344138305672683506144721763069042380897338
188414640638305289665632353650659601309993602438486732318326983508699525012679803721
759283373005179424479319992534355427138179325992294278192817024621677756745603346563
641988593068928918710897153279072985616476414896324021150293746832313066676843289974
847532910572060523899472954821522236450397206362647523792111406132390606765249707899
190024533291337365557563147340823586646494638377962250306802427360762026392058786129
813078379363497155771866090903493607934276751594121120451502468459564079513168567203
456796470537374254939148934643539392794706516659902841061722090839365923089656028767
581429351449377542799471292095008106294839987641645030208442194425692626867930206646
199517055612489188799462160384607484207145705551507233775963349554803436298290363930
751724390116229414008005432365061826625683869162811310374721488655549141109415832542
97733895361109541711449705274231863401327717697355178201518114452752349002425421519
626019129051124836812291238937606268083854885166695486535278163532771547004017211813
797444293132769666614293297640736911592402040312034097971537099452602493182951696633
323786944525384115280147959536556178688483170620674503830847397826398078938341186495
762171928491416878855085722192581954773088569417969506010629783645276665898879476694
521587417449847095063795233419724929849679164634841460573391305382361630098004537642
738604515427922166663643675426873659972721199759293192531791806559909728727321519582
841843610827366823808019776533461650902256734812432582573235365898752294357106151107
954882289668830170250736183953605600526683666465975043493830246760076250034772743170
726696393751842121315898962653083454136752361356117637678442990160300350783431140696
301555172113727396429342074502428018769306085945154174074600665129154773681678415741
220891118941839736935990143160773085811576098677573506941216596962481036197742582930
440169261923377025931874019807641612216173494988526408387036061780157853611838233312
65689330340406798285618599630810092888435965955686338040812058598726392842967931080
871481748354692010431370105004296270645659238251397109636513787890091267564804614884
720603783988178412034391079747351745969641350893430414924585566672991448529333412838
359802835765335364007152211810946267635700452667123167009951564827018197858691140557
803991148743691695175272185969096063386504261083086138356644023488574404910165369635
806125173531269447101315171502108894544098585951432922050020593348572022674280147304
140470621208106512833085554686509238509253023115200745662803615982355602977533449114
964665465483961171435843092857845621753275496061578770128051096370094971424240541895
195161677777843262134358457639544598348783862162331681971268740968460402097790145260
722496652932986802137352499250134728663998863810358357252020873996244900655555900285
690167877138564016738789652307765423053346204989265768057998550386497339133625583634
646398032887838307788856305239668833864163043669992239929177387142713307352599577658
388967191936941364174361778113529183875480636729215988206014999433122054077139908692
248960463216710085169373458449948315038421089281061014119623028254053700995164114351
173221800733102404672878259225798453945929782737258188003492911934975831379436803936
823790179085549370280507345298043165763478476665284347134252415030958019905018595498
266771733832437461115588612874849245036363259727396900195565456401782198929859027338
189267026603588232353608523546369499834850067419970645379977449056738592326054840538
389130440553926353778894161751380592325710247554681369689650146761276479298714289884
295598751175778734641758928483021549325298965109676903159240694807084152423865956301
270610376837879806237164847471476728907891782706239269392425912401918979393358336711
319441013932122533687009133539710513752368812479966095757216320894458429456864269730
819249680770438145451174410299399556880194116043648460171618118121014509143506218615
4467360779110806223149703149452687047123996116549630927652363183922753875809659277
357620142784326126707857972711000504461877040998975958958930797099776738112661900507
864154942473745307589138846603233998099705025495506689313000215033074545344911561288
957808084127011634485629045663171796267118443204318870090608916899127845644221690244
557081753709531651042846151515292607027256359019193701138943562702388773578032553656
711719706684180357299071309801149978576123622288240667809608969741674899247295003015
540142980746829293776074587966205239753546273649532180029071172309606569524430228327
766168673350773818665651998632445380438962249696256952874874631780899008056293448819
770866498346472380462588654064564718498173537068883456137361728123195154680561412230
551966636528651791858732710337429340526839241362985134743552132998025698784614241129
579254693315319390350709331906495875559496542445161828033081664095622225746885981039
588162178300795246661987558851410987226720487058062564576973659056415020076994459791
933995747550388756450543462997110429128308219427694386591673973239474432998262527956
645572428905488372469465383791835836100566756570710759585940324773258206253434311325
924235058046637411347551280015699880321430416921387731299343630766283794156235489008
930134180681924912166645177827367060778183421331981634804608407841936250670689942709
487017837210668216535506737342594866473383061697904304888394272522652643424759003378
395234603397029515014303558789190773446804154211687403682135877246744020865520559069
371584301158759095514030048273665132130377014838578102652386678277826085632651790827
91808110562410882284986342995625388771456573242181397594578215312372146856977475005
124778000216365678121813173145746714984299560594035783369524306038931973465791502371
551531779344188452534071590933075581646653178513557735281914451865390596882458885657
694608720231072529060224070430442232312564959925136093827030945259309159773909954913
564043734057803681213491837053798291115727953133805264722754466723614231041975778534
943246111163500965024222080159457659277782892445284674499032574596752220570773048379
257855928874689479967305004563856720863706810532309639504244899198159781864877537517
646658433678993280257315262068823001858427772845578643039006416301170088848420803569
450326686159202367112361927561249893339378334913721345788387766920675312345295533973
539310770836959911231431641214311937185832083853913769012228857674197210342574992647
982853477353859136128086803828887430041481693737266686819663380004128709531596052619
594374685481285756527768171251192845810364790760309905009762802992544249561854981107
448349884041550040770945388139212431550738747997717617835508203218653014857225441708
573389704123082007602976763814656234961387652500336099754964130953659328377837393082
917561889364788365407666744458257007466573328600164486460526410708370534012573726118
759805938914164122483185947025484069978375663594121900445783691033042888797956811067
845093460370365092811613646612815024233824138747812874722909677018226839603901554522
828775662082122211621429838727425485452399811800540201611440853774214667083932233151
294494703563137312189416707618737633658865229272400363397893280291682125629127472333
322595110126236129148216628839867435439436192678229578926268569445676268714004113884
942944477182090993442561300422799866525185146407774447898325277911955172266597006446
731711537422789018476122242277163351193921911359409609327401989888083747116121237128
823206920007371115977720962224239288983135261026441370146619470245349766141502834688
183410218445766277664127896038374201528629998363708109070964427304789744941343830509
506334193170003266707323144379893988243808261791602374737403511109243433598763650533
145482859781765237021917902154235956462952382420164887895663449602564278413047587262
270930097111796121507353456289606922864869349355634581879114381536255118190055648428
660812842048918926817566729839699958799090093721409682650763682235249832601539999184
196201566224436580218235551669384250778321429103307534269152821950075529988969767
194205058962319726228916770722126453095848035225330622976145628309853872720780054293
931859682543942631272098689516109814671197260497024245831873998391753600866572542846
464676470303533884342305353056015766075234665423905571914871268472062271830333644196
218399910612800662727856567143877160749623042091672670165595977539990353267572821482
712030581714777810041093621953231240356518957187354321974562849701837861916847169942
737762378971437494593484624258183377472612416033980212554211327311443603908440347085
544568411791740481690890829814956499978949207808467947098631693531734750231416249203
182326482533411719953746612535721564980126510505149485047831322971695869295499193986
59820029367936258652357403422883075715957804938638855508417422671197443466234408662
64043643339107742171986748124135802092912867987047585655871969355894952883652718540
639619924704958519563150450532995162811322240065079474954520407972283993434442765403
851686814190642492157344166384053220528404410425054443730729683051362577525860198785
617727721101337610056522237144522798411403001901650059965120680967584398239986691598
260331814344618790167971520448119144523840931134273533257251707220620207144406897151
865470709647933669629528170977850677794018754872697255545770490358462519032211007531
19909128039514374979456242231251865483370962985551703886548126097671705863216724531
732030119831667513513221002979468690886047495968608986338695848266288016396691251377
169482515704984929759291808065965407000219036906500705648618007081536386986145689126
207644049865372934612768367781755268055701410968045734200034615340416660255850921378
114183205751385576577520403538447674470328478055399869470865050948056436167555506500
918577329089496229832477173832877352725995776177468787404183480846921481355136885625
882468690858302674728229971554889847436314517185324749365017654717887282061305589171
465821558887910892799088961090983198495639997606782276495997812590994885238782136668
978540957707792277833187000388179353032698519688268148215475159124721499252279836048
498525356954017716718487264900639795475032330605607853350239022536517051663343063604
816712631149132455658280901958928579962693872209459137912876674501598429333989143028
354730488117513546787778826027197549924774313825547414472400117238288186056593004014
155653660523240338858494793335697327024584715848808533136118732656447818102775177024
679856919753165853613871152238272593811803681394623643324016024135314201174602949456
195019875549067755548890863670542487193411292535929496494461428530613724385967388917
31836053235258502997565768096645120808811282599002036002477857202914487854783762743
937782995289203369379137591863583069297628708602984246451909116253466719254451503877
115809697220376232824656115861009779824553925853664953451623754980581276628638140039
252432764933573113427997467900047204019982937156256155517394226214859636201520424839
575731643879745832391052965824336100223513714724661261039271315874393726525912257536
383509114693162564301712442407566552642491766948858547975278457767425879104437508851
458451196202104064393037798598679540528917422936223426204437385809838244093748161149
803793964721755397028847888504501557048058194805571557259000574770031834332557580516
778451264664451048233291986475643742637312903970712425424945481886543086329283893024
355299601638357635777060171439437324100630188903444251660646690142001236156753175769
216673143612753687114950110411166208510490593474229607121365082039892219991666185856
255208458730252051755243003853572467462645982130676611501076834233744634091637503765
260984764928775266115771965115406315655993821800898668514910587131265518611185940351
709865709221551929801603928559088722744564642765110632700602999982741431383275179917
16746977347372434593354264063558037656170803990429418722695381751629414515852812549
191507169769255917549036099781358375999575134460103996316331975231024347863579871453
906621235839217990729977453623463485959215580945217121248211983131166502079299900760
11086756758513568496877437197115683270295936742413323958479175135976013862214329585
505559194889094768748180585232642726341361211954890011770928063389326415800173536233
873635326354075040462763753784044746238646565459532289393942639821170367399244096732
793064027424851989358429464729372905278350594563779412454975876071667632259832477212
620644178391055311164337417358512638579900425130680075826177861126923882847713796996
4499631844617715113210502447321279821894594684369255728563352041514406959310605245
863903027716216451753460158184735667460031334723794576479551327533303163237663932680
468247365869083817036256704122259985087968798254389621219078299742661483951980008760
372404039186992166726960644088649471557526855708425302004893273323923681222776314733
648923351040120700918439006226935339809511172894475928204505460448114286143205101743
949613540044848432077713578988913497487803685695411569450978532792299467540718961291
331085781846277044313906762313513059151020723677095834925533042211673951799855326819
440691948503045362797466979184515107701417369059435012016848577158990914174045387531
979844998507449991126822613733096359099574765228325566652223387120369531882718695177
580099184420321399495322101722151560633802486289908526835884549448350294239549397185
118809553500854297465345218547684242242015058102272401389264323659666798941089807364
370688546622190056933978241644748020117126374786476180367350991165708694183823984475
149388858448704264703462883894071538991062730472835557830646764618102672610460336264
370350022459689243637130711713294097784899353213983494453427460939891501003297261965
706978771473877602528556633152193777555666015711663044846035987883818302069003110200
595353454404200916231622284051081729515974776893296199336400135784640827243852266550
165727790879264496353592083455681694744069875521577544552486585152732218422884613964
345089092649661728975238900907005459554242958095484370593679118834099908730305167919
262273929222291937496835568867220529157396038788092854705270831890587777582905660374
785405843387907662558915404148266625505129535145534500990979023878402584979791274212
355625486739278816705860135956507939028773215616591828458597779523803355389497109522
724422146929866149133919460847792839453325693070382858532939248452528858901820583562
164546519515603703686108344464162756669987982732285966075220577851520064890712829493
900844941365680069250966736617228399545859767934040219486411895552956743189498539787
917069635168396791511579578059888050336321571995977854277752395593115144333448607545
357309291854742325581892626398490038057913191738812087528196448465616289003215893873
475925778583328728446168142404341212061401645664156342225409299769341228558330806913
426677970853323726172992941232833433172037432478704519193639588828724079273094539118
894786127318619829838352653814808923263500952448376320659939952873037016544736977628
376305997952648888755486975401886802399684075648192403499066362240182867296722488256
19287253964478486833860115517047328035669112343240571471315059054418319607451313697
223562623543483987891803092416154666000395276450634721268067002241587851027958841061
718562017921904908684620109407290701556142074172340691339167388519743254558705622113
802992984927510205392335176485499161411308222559123365946744050821254425125994317597
42913521912320328242354799459924884588867661938804861315160245641835834865807686566
112994393653434493728403060955642787601770636134655513172983145491700878878180317146
148454667869601602689750060514172754767768586552268697438711460399214136628778929914
644518753720076106685405997039573600082202117609213248703182518567428848052901472434
848558766644927272394205380910774827024718034052243792347051065969286329537280829215
11714690426159830592168468710295339614728956192677895442600828218065078859085449262
262713802046886519825633693894499808681468665560070458751575958828349361182802211556
196340985788364500548955174676686975711560006811137473510815234581043343651952607106
502017012233417355193610781652813454731142650384594186517058005880131372679984774520
305838214998634782195197948812259535494202714532907354608651555953218434017245917203
484998798691557430842552129897892952120846813235939277649708755689853867546689657363
153653728303101309401486302389021114021179862024405229976572394791471943049966064790
822246424879596588608440889638245580918498992099737475644431304891617488508870980511
422811651540596140474177479564363577001207332731024867403745647891875733026122020454
309790957882684798476337067039084453575030042223939744248932680248255564956539224736
309178278292724157622274401919830954609647640509295192637506439712396659956892863447
65558636572177183324436367771662814667456917034629021965360045899204078941059996522
408599198560580385953290311362890383016179119444509661457444071957912123818141818070
725980663890746423207151592108874768592249874723875903234641441037395830362394527561
224380686321891164241589119014581397385608274814426687354920668480747194183731588880
514341830866235979312592724739968234804590214250800124932897253844630929334904788674
115897581362201894083142449072411732666257425446620878188402437532168911131391447057
995905551584830613142563903676385305890296590666265102409206582985981968428747822865
284206760322987307363332048682899621257683587022747976640002879969512425056985630293
797216062200384267369742472695656052786301710860443297470689668723809262552760967358
753615293407598823484762236664527384331351228455451691155651820345533512764195706724
690513273536262421126900007221901611404892471172205150849699514649636121702993326387
541145311983896785619966858651420794830834845831255197562574731852879046813619773911
543355816378964517056751571366124593384096420367131412872245096599567972445144722053
229251605331685792507298893930874890002295388366911735661388740211996610034373951601
375740620627406386696599608230367361880046229348842004699246301694118616093588791937
13565237803232502667696042062902108308305338803687617738071983410330187551395718613
310239957058275693338445101034681333395574193990606512965120793193931629189567249212
667206452641847810735123989625194069011106471098206514047593131618932544275855622761
142201220835915947801428935070865845227485875954886538795701040431789118684051117647
530943181511281794434975376925969012972242010379731180636185139704924309709307555033
449230709462198184025692628847911565845103533198209206988090503998937261374362851834
36556627973370337402537719376554692754062703287056459903483880223110311857887696039
207800333051084877025072413247923618979573092594133752054102502283514481831877075317
633058265236709376426012057921428778238989370212865114821002539212427503083052084384
847082928856772013069624498621456264381791918500729615156982805032501641979155722348
133773317559434082772465886634865419465899084434752152719874695385822173469194427464
369010370798726536375462949581426033981977977861580904954717785556860483407097469653
932719692972085358197893158325281994477167980868511888877050915900507635235441201978
376523236821787193350357054216570098876870101887965232817566702000096296107077872545
294082264405352204741872118603247198964528860094072395414683815360165191462898775493
904682692813325833675068747952453983734907538343738090235622211512889673204518958947
238108564950303684075902799437702220478786748876277508087343225337008030692208927777
422384273567031621862155234835655113824933611467826933658147341179100782927372388251
16173402947618399209546966278945855227607093003141053038205663204726927674007978044
978627122529551545907027897590818372113297010250969560888890827299618595437488766843
696339877476180840197222760844271325529519811188151843698133065840422595108301966650
543901364480937640001517253817335834061992202276492993521624286433297436641801418844
156131460157308327530541539063405559849221973014929729323651758850390684109876026973
910555802913097016775636311644814433046467792466956353827182962535931780534856391514
291085186669170829370872956935982570719076015997971080558570723994358035109162241206
683956663332333082541137078831351133832870391800975916904148145824495611342625621247
667269103883662415203468893541960242079637106674345331749535006619526750904368994990
857287490411893602611734599298268279008452329779156177709840561307910850217529574560
672247169136648195625644274586864115847422057837197150423518836745134689719620657869
837068176518913137142056914364129194229877314286572064168395179555421211314133309633
739228415157473624810023835527640080302706679962992775749344318641137907038441830034
319946668140685665638359734117084268870298280616528938308309382015363812235449007163
206089475905591567293801520413411887225618655180943573516502864199127314165023403056
952827577819557268852882107167644252784512814876107605541293740846176004996209501927
9296525269903188167908600516130712456711757014180561933431215098432892956925900884
162850774627300803046756306296629031908309370169670650704077201189769106234264723602
482034584311952750051773208789986847126087065551326866133855594521750507447936692066
995152898471503478190054420047699513984900910504708123533188830386395271824614472794
507332840434696755338453230875238110727534306107617801285222493358925491530025545848
77594170715176901206437432032829675001249313353551825722207493430900537907803870154
742668850509425279208169990314357039339035454512474170308093028521312677797541655113
454863935421288962191778911011246714583888086332297115447915405547390779942386857981
228090887514361523728133881463480977953208510193477835644340149952577068666953512482
360710333620973704526851867964678726698472465873095563723782462457274996858629997594
596189002728700223469715787333128762536517348168733866878121320068694957893359439445
431939303861323819233992485816497912602964233392591663443911294813512546987004374079
595076335352017928061759392922488606293773350237386802936494673637658618972872768554
580478268133707489776442541283653341162920115565093881122882537390236405390904860808
83740237217278877624793939058678381666147151772098835424206739183357955255689649875
83720048196929296186089768127455116064170496074509492597376498313570150359600629961
34954129926046141095818404672132242559582407189390444355037360102063553539683649912
480522886025298513477821446223006147829174055879515213238471819627968504475056252606
732185990787581542774579155581285442570633983371241220023149560605644471171268506625
458414153730380008682833332751592480520406170565738687221931104643537152017408778185
628043099332920092296283441644009207707073789127264388040254203169584777113172450296
888020479826892379577092251128453256301549721364502810597917560251817191842496785380
734961070264510567982562860225306579786457699250046888960465440914311652364472616082
46509940602002078714379773740580741604654926934468851051011496536524991988161375690
388990452072824669245392627664778789384675906631337258667173713720645777713743147450
904655642774211446458697511189259611605632951660693218994625428357684491288745297794
286493107207758838241963911408921906515811667670972132399731106667046324040896426721
3299476119941886420541731167462592368940926726493747056209230467363503961182123721
296899085808577948258175384740058649628298997046926902543967736360579028781654658973
186094373803541209500343117570589051664989184685066797737212576072486885717421900342
92326357175396698422681314225773871120503061021761394437722205906340549444501343806
871122525409132263246576598197653726183366153246039478738171903087526473591746098994
119607403433735860190242390773712208361879638069959008391444684457467752428772633540
752138191174376436147259346013818402772342039950968112038642708137601907343644625259
588177824335572648508479663222387899424243194877210452762077644689790569020970241866
853409628900716996082897395906586624701840886365316175303309276196082406234710774396
624703256324592823731369855559735672050722784863413929303557169706725827698186936628
843228265794850567548278155111214199426008429891795168746689886423382593155598298880
139857188109736411523884246026135051814625781240350525103390013108885019048430800120
356434479342042254013157806677820684105585780473020049840628056218418283782683920870
988749564478638030961748122674291866207605691939417687100911317561329451018109239621
447488000628146350070916397921122565206720102287866894433000818491351788597067413335
365487543818155580427582255652721178207218005730092105154004645580855766865958132830
983484976292054156185059746550486133523659113827492897813908041653251250963154148909
994062853253564044439565314569260711816474046444717638846003638352772821399557531146
715694872507454676250400590014173375310648871921943721274341084358232919832838239861
536175592233919483916055537256728889053611417522097363826375912269768885403834886640
612522681263381141828091564981473173906102635002747646666926013487637040329548490574
901298547078629393545853361398737586318535729989997427233146606032114147681642866733
18441970398693091404351257561000302868431346631887869639738164647759988824045920801
36834103420430611141825093254008180433564312042917309182978638257498251347230358104
91969843043854177410707070973812011569433914077066198318906778407672340251684501866
763142793024965392577653052326114085711703893640364862099920745746973188333985738966
848036200988506740364515719262141421898735295360940037531088178330843867349054332515
741914734431281671564016855201879091321082523096152674505945106021245620860055898922
581565537167012907831473551485796058211132277979527120423278194880310500422471266763
67828771423141418153653113783555549002669927417256167716911236767028336464464929667
784959135869142538572169297674525319312215707171073790116052432434726988698234208811
437961750869288370781888624614624326341460355236993650126488719366462429863909714184
607062431479837828249946582920357312917029870704562189070534705028639563295797220699
180049314175496986448668356343453488109818147668162521013060077937807604833214950764
825274618322885426579398652522124475012463530787389155690189509018949178482907635935
729539023374722216237329789651571913230626746475178197500045289707941397256920118278
504344295723801781862043540414779875962838985210439314136645197580959079345961844835
505484888895822390889813464478410371257032432305849935761210519792199445477183330703
400986927962680814257376046946235136251362137298501021046701737847612409860884658339
208849980485562175684414342525121509119908850830934417741002995734681917850043656101
629958158256872117882153969474982686768973554086536282179668092397472183478241277546
431118830018029287012932947023493743058564925812698703722996008509373370810625115755
506762508970402397830106616994353519132416541009980770091177741842497815956173881800
1298945972872965754558274802264806846666017089418119403154243370204054088129783825
563796625360931902939087479254683502664694466969309664259958491070124627845695044857
517464563160192883727001473426738221384907225846930509906480291843878608206112166189
