352949
899048
851985
912981
681116
833045
499394
915290
3724
870230
150456
438310
666027
284390
468453
250532
938314
190833
629002
436301
449891
6584
104745
118848
546297
764644
633756
24210
283129
444345
691892
747470
159601
368116
43471
911565
241072
844536
549689
812501
848516
429594
790586
969322
987738
675588
766095
312784
896343
405967
534863
400083
808372
166334
219029
192766
87604
880515
478421
529924
636884
231859
845437
578407
505710
872778
201234
430615
750166
645354
140629
929546
542977
477244
382449
290557
937288
339930
203504
384997
601506
162877
625231
171286
306037
823320
810437
840323
51266
38100
395827
334450
26942
512880
612762
23626
354818
873498
646496
959536
243915
921380
621068
935991
509381
524507
673717
743569
772507
34418
206870
838860
899379
815265
785807
581314
115358
438981
771732
68447
681308
742314
723343
383618
979699
340831
196486
925854
544609
573846
172175
28940
770301
525934
72805
531872
906957
743525
55330
829802
747177
814045
816814
918064
231889
619235
928610
717596
646743
216940
585456
349702
945054
441813
917049
820239
351313
38315
254686
921505
818949
102748
998543
105714
196318
116328
715343
824822
375857
905871
173628
143389
9300
737436
582110
948493
387776
749465
643851
538071
259609
387756
595409
116986
409548
552537
728055
946230
815786
834833
890507
87745
253161
207898
192150
127970
70777
345012
785383
612981
498336
254857
545127
361412
511641
805887
754428
49233
735129
519198
675839
846455
561028
689227
920656
646292
287814
597682
679332
150846
221216
914873
963333
523744
498143
553742
42305
7084
57192
162277
116542
883909
260084
123437
335645
970871
622247
410263
303376
482532
954446
662503
900003
928201
121786
245166
180402
183856
467488
241506
885372
777274
484138
217679
432222
688003
779657
928690
446734
488829
792700
5037
531177
965285
434219
573125
521749
930097
549157
610053
82207
918634
379687
98368
120136
316728
169921
506495
987711
592246
2222
92264
543598
987451
296523
174214
862719
93281
194304
12616
525017
759395
308847
972707
539815
792218
361301
377641
626337
336270
437500
468729
829025
445687
556260
402388
561525
439290
658647
702705
498045
393095
570028
642190
427008
902570
339975
581679
497582
428632
644930
574589
419081
722580
623030
748033
77980
756808
491241
744456
37766
381675
553355
37438
207775
522056
814810
750036
177356
653543
115031
852478
141002
526483
180172
628509
454605
298622
542539
309983
249116
370518
589840
534891
547945
734924
252839
407956
88708
79091
32580
502701
621221
344968
832687
635175
482659
242002
406580
764069
491060
842090
678587
852172
407922
770410
718725
723318
566953
196445
228976
977061
894458
42627
50546
707492
740139
258886
233272
583248
731977
917419
629600
797306
588711
510842
163214
140848
272114
331036
166001
120719
822546
411323
506070
297373
430527
48629
615455
804412
838844
451483
54813
154013
603525
698439
818215
845839
876290
990352
328004
695282
333081
608586
476110
87986
888718
330676
768214
514914
377280
68650
683590
535540
584525
670905
979585
698537
983842
584864
289522
886707
161517
581160
37118
198380
21353
391671
195528
439919
80601
111920
242776
935418
24653
855929
16565
48136
335940
826762
291868
757196
542027
838974
74495
917814
250677
263468
586547
310256
583109
37963
221546
712303
83654
539304
948825
784044
437783
188767
140227
931500
860289
834511
64090
608178
258452
762844
185650
537861
686521
212463
124646
831943
126048
14419
160330
852553
775637
440615
82884
110456
154000
793326
368406
284641
221946
770627
788566
9692
788971
494648
378596
176989
373219
75601
221889
41500
487109
2541
974341
276117
699102
179599
739554
794875
918899
152011
968160
199648
335473
684942
387050
410689
80322
489563
536108
532577
388026
772414
413137
759976
924069
179436
818648
493682
49288
703982
293881
79816
904077
422038
695611
177542
955324
949360
532547
601338
515688
76021
925562
649319
118112
389912
161070
248803
223457
278891
927903
720154
425186
704882
336251
57944
75187
428610
194313
419027
200239
284609
657374
264878
768764
762225
815583
531039
266606
77764
456958
25986
751840
683569
505603
430369
599953
19413
770746
163543
129953
272921
455865
437608
365082
89497
198023
476171
399141
239821
243698
90659
45315
313807
559445
639460
762397
322624
826935
430259
778810
469657
985617
937449
677068
878798
755710
777743
845212
502026
217037
87384
420142
767214
259302
272410
550719
39320
404399
537372
74153
926336
178962
25752
498861
400471
466917
205548
27270
245670
893878
824749
875289
316378
312558
115845
967182
946548
250192
939829
508072
64181
331994
542317
998636
430239
501693
167701
954938
402780
348502
713683
748326
351248
976980
901050
506977
5959
591129
390051
886541
575211
92889
358276
480535
975209
72113
522894
559604
709312
741772
532038
744655
442129
674959
882958
280119
899246
880563
239152
174282
778718
351754
600489
795323
939868
113127
426673
63385
205777
724136
499835
288137
997594
887279
148074
662916
537525
174797
750108
419409
732428
65823
397407
159178
863753
292906
260372
286485
856474
716171
727712
416232
987446
380792
57552
189905
973950
369141
343370
312429
962208
785313
739591
929566
487687
28112
785956
248943
391672
724879
730539
638403
274974
260655
992316
139419
538984
188755
487276
317994
703715
657410
915113
651587
663888
783069
246243
109593
753395
559845
508094
237046
489370
792839
197146
840770
269896
937753
714657
482758
144297
905370
842313
553490
840653
305496
396454
480233
862899
852825
217542
390278
1038
762075
828733
870326
13928
597020
836855
207453
122832
84332
317750
5723
160492
640908
715885
808037
394165
964298
928830
493066
493866
446235
454058
416893
559499
455826
926150
73112
79934
845020
984516
260038
579925
912861
553758
39175
644276
291404
339318
905159
790163
166656
144723
195244
461497
24459
400094
369438
464638
388060
445653
243878
602259
60567
299197
544248
656253
137151
574327
775680
175578
252587
959834
854808
801391
218433
496716
848449
378157
169719
997638
347178
717507
414707
668229
527920
249091
801803
689666
756980
406270
448303
87394
387462
436109
321424
376817
12102
283512
987646
7691
733203
571698
328031
579404
996244
589133
907125
295248
24647
554979
854127
6765
194492
829587
80532
59928
726255
310628
670345
406487
411546
700306
826744
590096
20415
169307
687389
125995
708520
882888
893954
837148
627747
214276
46171
241681
374890
869804
45061
493690
227644
72590
139325
949580
129499
599044
916862
588946
299848
573232
43606
377059
508766
109449
209719
268623
904455
369726
798623
984204
400947
108737
404431
989684
717950
249124
102875
331896
881270
358671
338855
721309
24710
310334
72855
300897
802516
909465
111846
2322
274782
425175
205436
818216
942268
48089
657318
244067
230441
821700
633051
357302
953707
186733
635367
199839
245277
296062
539173
870814
802302
466434
961810
343298
181375
689510
349603
678399
485929
205220
962316
522031
886509
183707
893404
151859
623285
